3
3
5
8
10
11
11
11
18
23
29
38
66
72
73
86
91
102
109
112
116
122
124
131
132
142
143
154
156
165
168
170
175
176
187
215
217
226
233
255
265
270
272
282
291
291
305
307
328
328
338
339
344
347
348
351
364
372
377
379
386
393
399
402
413
414
419
423
425
433
466
468
469
469
477
478
496
513
519
530
536
542
561
562
565
566
568
569
571
580
612
626
639
641
663
669
678
685
686
691
694
697
699
703
709
727
734
758
758
764
770
777
785
799
820
821
823
835
842
845
848
883
885
888
901
909
913
914
922
923
931
942
943
944
948
955
962
963
966
981
1006
1024
1027
1031
1037
1048
1057
1059
1068
1073
1076
1089
1092
1100
1113
1119
1135
1145
1157
1160
1174
1176
1184
1187
1190
1192
1193
1193
1194
1194
1195
1197
1204
1204
1211
1218
1232
1236
1258
1262
1267
1279
1280
1280
1291
1299
1303
1306
1316
1321
1333
1337
1338
1358
1386
1389
1403
1405
1410
1415
1417
1422
1455
1466
1475
1476
1483
1486
1488
1493
1495
1499
1503
1513
1516
1522
1531
1539
1543
1546
1547
1549
1564
1567
1576
1591
1596
1604
1614
1615
1617
1621
1622
1625
1640
1671
1689
1704
1707
1709
1715
1721
1723
1746
1748
1750
1756
1756
1774
1780
1791
1791
1798
1801
1805
1823
1832
1833
1854
1860
1875
1881
1890
1894
1895
1901
1904
1910
1928
1928
1940
1949
1951
1962
1963
1966
1967
1977
1981
1991
1996
1998
2001
2002
2002
2005
2009
2015
2015
2038
2045
2046
2051
2076
2085
2088
2089
2101
2106
2121
2125
2150
2151
2154
2176
2189
2209
2224
2234
2236
2241
2251
2259
2270
2286
2289
2294
2297
2305
2309
2309
2315
2319
2321
2324
2329
2353
2357
2368
2371
2392
2417
2419
2426
2431
2445
2452
2455
2457
2457
2463
2475
2484
2490
2498
2500
2512
2530
2533
2535
2535
2537
2540
2551
2556
2561
2561
2570
2573
2574
2579
2586
2603
2610
2636
2640
2660
2697
2705
2708
2712
2732
2742
2746
2749
2788
2796
2798
2802
2814
2816
2828
2830
2843
2855
2857
2859
2864
2868
2870
2892
2893
2900
2908
2918
2921
2926
2928
2929
2932
2941
2954
2956
2958
2963
2971
2972
2980
2983
2985
2995
2998
2999
3001
3002
3005
3040
3054
3055
3066
3067
3073
3074
3075
3082
3083
3091
3104
3105
3107
3124
3127
3146
3150
3175
3181
3181
3187
3187
3189
3197
3199
3206
3230
3234
3236
3248
3258
3265
3303
3311
3311
3326
3341
3353
3358
3364
3370
3374
3375
3385
3399
3410
3416
3416
3433
3438
3438
3455
3456
3466
3467
3468
3471
3479
3492
3510
3516
3529
3531
3534
3547
3550
3561
3567
3578
3596
3596
3608
3613
3615
3618
3631
3658
3673
3691
3692
3711
3712
3725
3728
3730
3732
3751
3755
3771
3782
3790
3803
3808
3808
3809
3812
3813
3814
3831
3836
3868
3892
3895
3904
3907
3914
3921
3927
3928
3931
3934
3934
3942
3948
3951
3967
3977
3979
3980
3982
3987
3993
4008
4012
4042
4055
4070
4077
4109
4111
4113
4116
4144
4144
4152
4159
4165
4172
4178
4213
4213
4228
4235
4243
4245
4250
4266
4266
4293
4296
4307
4315
4317
4337
4346
4360
4362
4376
4385
4393
4393
4394
4398
4407
4414
4417
4427
4430
4431
4435
4436
4439
4439
4440
4440
4450
4457
4471
4480
4482
4484
4485
4490
4502
4510
4518
4519
4525
4527
4534
4551
4554
4555
4572
4579
4609
4611
4622
4636
4639
4646
4649
4652
4663
4676
4680
4684
4692
4693
4694
4695
4699
4704
4709
4719
4722
4739
4761
4762
4767
4767
4769
4771
4774
4780
4782
4787
4793
4794
4799
4805
4809
4809
4816
4823
4836
4866
4879
4891
4891
4893
4904
4906
4939
4965
4970
4971
4983
4992
5006
5035
5035
5036
5038
5039
5049
5051
5053
5062
5076
5095
5097
5098
5112
5118
5122
5127
5138
5143
5146
5147
5162
5176
5178
5179
5198
5206
5207
5221
5228
5230
5268
5271
5276
5282
5295
5306
5316
5327
5338
5338
5341
5342
5344
5346
5349
5350
5356
5360
5363
5368
5380
5381
5386
5391
5392
5393
5394
5402
5410
5420
5427
5428
5429
5430
5435
5440
5443
5456
5458
5472
5475
5477
5480
5484
5493
5520
5547
5569
5574
5611
5615
5631
5642
5645
5647
5648
5658
5661
5672
5673
5690
5690
5692
5692
5700
5703
5705
5727
5746
5761
5784
5817
5848
5848
5857
5861
5866
5871
5891
5895
5906
5910
5912
5912
5920
5930
5941
5952
5962
5967
5980
5981
5996
5997
6000
6004
6008
6023
6028
6032
6037
6037
6037
6042
6054
6069
6071
6079
6093
6103
6113
6129
6143
6145
6150
6157
6168
6171
6175
6180
6181
6182
6185
6190
6203
6205
6227
6228
6229
6229
6231
6236
6237
6245
6245
6258
6266
6278
6279
6288
6303
6303
6304
6305
6313
6316
6324
6326
6330
6345
6355
6369
6369
6381
6390
6411
6411
6424
6445
6464
6467
6471
6482
6488
6489
6492
6492
6495
6495
6497
6503
6511
6514
6522
6530
6536
6541
6550
6556
6575
6581
6581
6583
6585
6590
6594
6600
6602
6615
6617
6632
6634
6646
6669
6702
6704
6704
6708
6730
6734
6739
6743
6748
6757
6760
6761
6764
6794
6798
6806
6820
6822
6827
6839
6860
6861
6873
6877
6879
6884
6889
6890
6905
6906
6926
6926
6933
6934
6937
6941
6960
6968
6973
6983
6999
7011
7026
7027
7027
7029
7032
7034
7034
7035
7040
7040
7052
7060
7062
7071
7083
7092
7096
7100
7108
7110
7114
7127
7139
7144
7146
7149
7171
7173
7189
7201
7204
7204
7207
7207
7213
7220
7224
7233
7247
7248
7260
7261
7276
7290
7292
7304
7318
7343
7344
7347
7350
7355
7367
7382
7385
7388
7401
7403
7410
7420
7421
7423
7439
7444
7445
7447
7447
7448
7453
7456
7457
7457
7475
7476
7481
7482
7484
7490
7490
7493
7500
7500
7501
7521
7523
7544
7547
7559
7561
7585
