15853
4676
13735
26014
19540
13798
305
11169
25157
13806
14439
20857
291
3712
26912
18150
27318
27487
29830
23325
23304
16463
5098
10517
8175
29783
6245
16465
22679
15909
15517
7917
28124
19324
29360
18098
29056
1513
11536
12116
5391
29716
18570
15690
21789
18657
2500
25517
7959
17749
1027
6905
8191
23462
25494
12642
3934
13116
23187
6288
2085
7027
23324
14234
23972
11554
17438
13905
18742
17782
4165
16915
25575
3928
26623
16992
19956
26301
12460
15865
22461
3980
13790
12948
16233
9498
963
7420
26774
1617
5996
25478
16090
21407
19834
9758
26652
23595
22068
15359
1337
3730
27927
25954
18915
14480
21738
16942
15068
22874
17788
29150
5035
823
16845
22064
17097
4719
5574
4393
6171
9948
28821
12406
15932
7629
7561
12141
18102
13050
3127
20994
10796
19521
4055
17125
24199
703
8670
3433
13995
27114
12760
12992
24502
10683
21329
7457
16116
24729
23745
4652
1522
7648
12354
7860
6237
20289
19967
21275
758
20003
9995
26443
19684
17623
21882
25808
20646
3353
23792
9764
25732
6514
22692
6258
1024
5930
20353
6492
8383
15963
27929
20504
26094
19393
1750
14293
18482
16078
6303
4939
11088
15194
23267
2289
14550
23863
15013
18856
948
15986
18340
28084
6411
12342
21141
13994
20208
22154
143
8373
14316
22603
15843
24771
27379
15524
9094
13245
12255
27801
28445
7523
27881
26628
9924
16341
9908
26598
15818
8175
3510
19151
9005
23548
24099
15401
7421
923
26375
15343
14752
6495
17584
8731
8818
11280
2150
21836
21974
20063
22504
1798
19901
17414
15093
9011
22017
5038
26435
29080
5871
13722
14767
17587
1904
28577
21314
12336
18034
11833
16859
22811
16007
11631
20847
6495
14986
8643
29675
4109
17417
28559
29185
15065
29763
13944
23910
26222
8000
17518
8839
15345
12935
686
23411
1187
2816
21606
12602
10911
2999
6760
5472
6180
17017
6008
21149
25053
17487
10768
580
6492
24772
26482
19246
12133
4116
24637
20323
12134
13795
26921
13220
4836
6471
21485
9287
18017
9042
272
24560
23946
7040
29532
15097
24573
28218
27278
10302
20104
11845
22282
24823
17323
3002
15644
19123
27183
16035
23897
11901
6113
28398
7204
11534
28663
4417
6556
15007
291
14826
26515
16328
13173
15554
1113
17706
20682
3326
27159
28694
19491
25664
28119
3416
11521
8689
8272
24163
4971
7635
1184
26442
29698
9223
691
14600
124
16602
6304
477
23212
9340
11522
11574
26339
29199
17123
17144
12592
14184
24420
5848
16819
14917
28954
27498
16879
13979
1539
16804
25101
17066
11446
4414
9837
1967
18441
328
26744
3895
10891
7448
29473
15403
12593
11902
15993
27740
9342
2038
26578
4572
8908
22522
27483
5127
23383
2929
13162
2540
2088
16136
14297
18492
24096
20427
6839
2941
24186
8721
13054
5051
3091
12369
6757
5356
23493
27156
25163
4398
20447
536
22020
3040
24496
19678
17185
19146
5138
10466
26999
8041
24148
6229
20130
10539
9776
7704
19811
7667
955
24806
11236
25530
18842
29278
764
5906
25778
29036
20125
23912
29080
14355
16475
27270
28487
3466
14743
12658
9743
17808
29562
758
23995
20429
24637
1516
29323
15206
469
17606
9504
13884
26972
14952
21942
8290
26778
21891
24555
17018
13843
14766
4510
9115
18265
19363
883
20720
2802
18035
24450
5344
8165
10359
5295
14421
25742
17556
11333
12235
14433
17498
29436
19976
25051
5705
4554
1410
15812
11712
8869
26641
9072
1604
24453
338
17348
23594
16456
13173
3782
27681
28432
27541
4430
14927
8919
10673
4793
1174
10162
26635
28188
11762
8483
4012
13829
26418
6313
18417
8348
9936
18275
6583
1321
29791
27761
1279
9232
25904
15755
4077
21015
22209
3547
14259
29880
12515
12805
18933
11217
7350
2535
21401
25289
10707
24475
8877
1197
24821
2089
26548
12793
26965
18633
1614
530
14881
16759
8163
10815
21401
4431
13532
26888
16213
18200
22303
25399
11766
22653
22709
16811
17192
8230
21257
18236
12960
19109
20415
16713
26424
1981
16478
26796
27764
15037
28939
24367
18704
25385
1860
3751
19944
569
22454
5230
15235
10699
26076
28128
9533
20788
8965
2556
21952
25732
4799
2426
542
28072
14470
3467
2574
17144
28579
8827
8480
13824
7715
27667
351
13212
7781
16203
11506
23853
9023
18125
18558
27592
2814
26806
2972
26782
12984
4245
24626
17366
22273
6581
10977
21061
4485
25992
1499
13392
5480
15449
6702
19161
26408
10659
4722
19045
20443
4704
5147
18398
3771
24137
14010
27044
29882
13613
26054
3550
15508
19709
9075
26686
24192
27027
29341
7347
21362
8035
15219
6968
176
17770
23266
13161
6175
22387
1389
14854
1801
8185
23174
944
4317
5430
27788
14353
2868
26217
26784
25208
5035
1190
28614
29138
11954
23160
15589
22996
24000
4482
8490
21748
21648
9955
10400
19639
3836
17511
2900
12949
6820
13866
14328
24473
25227
25607
20870
18868
25743
22799
13422
3105
16995
9317
14014
24708
1306
3927
12638
23628
5746
14087
26325
16727
3067
29863
9659
27877
11811
7490
10571
21716
25647
727
29572
3658
9271
14433
16558
22226
28303
1746
28708
3613
11598
478
17201
14922
8493
20915
4315
28032
19517
9063
18135
3175
1157
24202
6071
14487
4823
10426
2551
18121
14782
14965
15840
4809
12871
10568
10390
6093
7304
1622
15797
10447
7745
25653
22595
10070
21150
10691
2305
28931
25430
28182
1267
29367
26515
16880
1258
13410
13694
28113
8427
11606
15798
25606
9678
9402
11181
29552
26468
9482
5952
3104
22197
13340
25616
29134
18742
5118
24705
4680
132
5690
26975
28615
21295
14043
26712
20926
4646
26010
8603
19052
571
22049
13050
18593
22626
1280
24654
13196
24267
26382
9784
25651
19066
16647
8959
28700
16655
27860
29755
14664
10727
23225
10653
6704
3455
6503
14953
9015
8944
1890
21201
11246
16747
28044
11647
22775
6369
21920
17006
19762
4816
1195
23494
8979
28502
12549
3234
23796
4787
2926
15888
25686
18335
20963
13204
27459
15301
17311
26105
7695
187
8862
20789
11213
14735
16669
9000
3438
2319
13949
26417
12020
10757
16391
27101
28324
669
15001
22637
15162
26117
9918
12018
19286
26704
14492
28648
8405
20646
24695
3692
4555
5692
1059
1100
12523
3755
16279
27449
18809
7456
29084
2859
9622
9552
19588
15634
8971
17285
13816
10276
8001
8361
922
19400
15917
27965
20777
26701
13225
27415
7907
5207
2045
23751
17957
10328
685
21556
28893
13303
4780
15415
20673
25824
14766
25971
18520
20872
4699
27504
8550
5338
2015
28995
15925
18563
18494
20507
10654
26279
11381
23947
10871
3790
9532
11359
8711
3534
8503
11005
2101
2357
22748
7481
24303
26292
15934
25028
22598
26723
18200
19234
9813
709
26726
19623
9363
19753
6205
27662
22190
8617
13067
29350
19960
6467
233
8153
6590
9234
10349
22345
23122
1832
7547
14361
13018
22874
19404
7846
16817
13832
24343
17569
6748
26631
3803
15290
9047
12701
25679
20665
24974
22777
23792
6764
23128
4172
20986
5673
16957
19176
5282
21310
8872
14195
21903
24093
7895
26664
8825
28781
639
22410
14714
18511
29
17654
24546
27726
13639
27316
24294
25265
19729
28057
27000
2561
13052
28317
28658
25538
18873
21492
2603
16544
20891
20235
14876
4502
8633
3904
3516
25614
20019
3358
423
26176
14812
3732
19902
29769
9670
7233
27208
23546
7100
7855
13607
217
21624
7385
29381
1193
14837
3385
9900
20177
22622
3074
13045
26267
5861
4663
29288
22747
21584
22199
11458
29882
20030
26374
2005
18302
1704
8873
26521
8327
16354
14893
4992
1881
17632
8196
28087
20321
25094
24493
13529
4070
10615
18607
2046
3230
15343
25682
28112
16538
11980
24010
12670
5647
24919
15424
6345
11201
7457
24175
10507
7501
25832
8968
13848
16628
23913
835
2749
4480
7247
23298
2533
8260
29961
14291
10027
16148
1194
17331
1145
21869
6522
11162
15374
2995
23658
5350
1951
25382
23349
20855
11348
22704
28033
6884
28483
5342
1333
6489
5146
23992
4213
27054
25941
28718
8
8837
28624
23568
18987
4879
17879
6266
8430
17467
10985
24283
23724
23116
20314
17089
19608
20678
14807
29683
914
24901
29573
27691
24953
10714
25523
4525
9243
22051
3374
25560
27832
9302
25042
7207
821
19274
21357
13492
7500
7026
14848
26747
7760
21910
25024
17879
14862
14431
29225
28539
175
3375
16593
21391
21610
2315
20122
820
20102
14567
17265
18678
16701
15564
16116
2445
14748
344
7761
20096
1928
24066
6585
1543
6330
20104
4739
5547
8395
14103
14701
1068
7755
27558
3181
22494
26970
26831
26261
18449
21385
14044
20293
21116
10411
29370
4427
13446
24278
24108
3813
496
6054
26415
19815
20914
8912
9717
16872
8864
24723
8801
7943
1625
14970
25182
15819
13373
13887
7403
2983
20840
22217
3303
13468
10814
27078
5349
17337
23397
24116
20748
3150
21498
14906
2798
8382
11537
8339
931
4611
29148
11242
9889
11
5095
16449
27370
15920
24686
20347
6594
24661
14460
5866
17340
20252
19969
7986
10256
3492
4782
5997
28443
13216
26160
888
7410
15491
7751
23626
6228
29111
9283
9140
25276
14317
25674
468
5520
3471
9383
5076
28297
10306
16434
23663
10095
519
9368
16836
8640
18591
18423
18034
29628
26526
13448
24692
11024
6761
10970
694
23293
25162
4983
5493
9269
22930
11813
86
26914
26782
7035
17196
10723
19346
10317
6381
28867
15137
23735
270
15927
14159
29842
4042
19604
15294
19125
9170
29371
3364
27211
23246
14707
27422
11757
15921
641
26781
24685
20683
9957
7439
14926
8137
5700
10409
20786
16391
3054
22976
16642
11637
27932
9111
7108
7447
12968
14882
7836
22022
8056
3673
18929
17204
15576
11896
10330
13965
26259
26067
28341
13832
14494
24071
20292
4893
2705
21164
8117
27025
1475
8646
28445
6973
2241
6203
18704
13277
18746
1567
16431
28740
10154
1338
28606
12332
2561
15275
27073
15483
3055
27127
25154
1089
3631
19562
6482
2830
19325
10221
19946
28385
26725
8088
6236
17738
4266
19519
15707
23809
13359
28184
3075
26944
25877
14589
11239
1211
3410
5053
28182
28832
4490
13293
6600
15065
13229
5179
18634
19711
9037
23747
9988
22104
19066
21242
25188
3073
2475
19416
2921
23222
21339
8675
3005
3934
18574
6550
13999
14436
7071
22912
26157
25600
26295
13977
2971
8661
10316
11807
7746
22099
20948
13183
29448
14332
29092
19856
27319
15284
16393
21337
21741
19569
16706
25922
21824
21858
29016
15831
28427
22236
28907
9705
29210
28064
16843
17727
10190
9688
21872
13627
7773
17584
26854
12279
7401
20497
21832
22381
29771
5672
8376
25734
2796
29398
23864
10378
20176
7857
26152
2742
27103
20551
27308
2892
13793
12482
18425
11764
12038
1895
22412
11472
24079
29241
14728
7934
7260
22746
20442
11302
20627
28994
20858
19971
4906
4152
23616
22799
12177
9245
13441
29286
21903
22584
9989
7453
8295
7484
29638
1707
2998
16789
9366
6069
7500
513
9645
7640
6933
11884
10510
17423
26003
7444
8325
9573
170
14764
12480
26004
10631
11787
24231
12204
6734
18468
4393
28191
17023
5456
2324
27913
2051
18215
6305
29997
2457
6926
26554
29802
19527
25755
10312
17660
11855
19636
28397
4159
23489
28965
25227
14399
1671
21119
9199
4266
16449
26750
25086
24695
20076
26323
6794
5648
21553
2321
22080
13051
29864
8211
26706
20647
7752
18346
29788
6145
5420
13556
4805
9077
19283
12071
23428
626
17811
8334
13772
24966
29291
23994
6182
27689
9732
22570
18073
15398
12596
10277
8761
9172
13151
24436
19833
9555
21689
25341
9118
4113
24892
28298
27729
6316
26163
28855
15472
20114
433
10346
17491
16756
28225
13502
10646
17097
23659
168
4904
6190
18159
2746
1006
8652
28129
5381
27028
9906
4609
17817
26145
21473
12389
18696
6150
15575
13270
27945
14340
15330
1748
24553
12535
27974
6743
21195
28402
7034
9235
2640
4360
15405
21798
15202
17764
20838
562
3914
24902
15769
25106
27665
13275
18917
29738
17924
12839
16506
6575
9888
15090
6168
25120
28269
14188
386
18144
1576
10366
28738
24577
21976
25567
26070
8719
21489
19055
4008
3942
20727
12340
14107
13504
13050
2270
20769
28367
14880
425
4761
1316
27057
20111
18278
5817
5980
24935
17051
22817
24486
15758
16899
12682
8082
5392
18061
13196
7292
11555
16676
11313
20368
8401
1756
14593
6536
25008
29320
22152
18466
23055
13673
5206
13439
3951
27537
15652
25144
29675
17510
23582
9116
4518
15697
12145
10500
13232
20310
402
12647
2788
6079
13656
6873
8353
23585
13799
28654
14835
17199
5178
2189
1709
21629
20620
3567
10630
27741
22515
10631
10925
14245
8218
22587
13002
16482
9114
14193
15074
26918
5268
14501
20470
18908
29613
26102
27209
10700
19574
7793
25644
5690
2455
10244
9576
11433
7544
14037
18648
6445
156
9595
3248
27406
22634
13898
1949
7849
27833
21244
19355
2512
24935
26427
6941
11105
12726
19435
28684
15380
9348
18228
6143
9325
7445
14749
24852
770
3615
10644
17528
14039
28386
2154
22264
20677
24050
11499
11509
1833
11346
21099
28446
27864
29183
25676
9564
5440
13526
20652
17887
15226
26147
11
7248
23724
6999
9979
17251
17483
469
21632
19356
8941
18937
6279
7482
12828
14821
5410
15700
24391
29034
7649
10175
13810
799
1037
29865
3438
12913
6877
6037
1092
1495
10524
26563
1466
11345
20466
15467
25832
2573
1966
29142
24404
9861
25653
20522
20297
7096
12036
22176
13878
4307
22162
6739
5427
5692
16145
12278
7919
24859
6227
24195
6245
12758
20712
5036
25804
21495
565
2928
12157
24140
29377
10188
4144
26650
28106
5402
10975
943
7029
21419
4636
9139
22114
23645
29102
5642
12781
25289
16230
26745
6000
10779
1057
8386
17462
2463
28758
22509
21658
26389
24351
5941
29422
20032
27684
24477
14425
14224
12674
11421
22872
4762
3979
29693
20452
24289
19864
25516
27732
18532
21401
24557
27577
17412
24348
5039
2535
28943
15164
11608
11636
27294
22369
21021
10553
20583
24533
12688
22085
20320
19975
23719
4385
11153
5368
2309
28878
6324
2419
25703
10587
18636
15738
2893
3618
4767
3083
13426
29410
466
13937
25658
22023
5967
9031
12072
25493
18709
24551
15833
29492
8685
9521
27232
26245
20724
6615
13423
10739
16362
7989
9007
6037
25621
25998
8060
25616
24867
28593
3311
3977
28810
12587
4457
9271
26814
102
6889
12631
14782
14318
24235
28777
9291
16276
22174
28424
12647
15340
24431
18759
26597
20385
23703
17927
8851
29241
6926
14693
11745
339
9130
7728
7213
9628
7032
25448
11756
22640
26438
66
19798
7806
6634
7224
17679
19301
11603
14589
734
26634
12122
29678
29644
7628
22004
8756
26378
2958
6983
20054
23839
27955
14646
4684
17773
5097
91
21214
28335
7355
13568
22379
13153
22362
9418
24549
2076
12006
21395
27481
3197
5271
18771
2908
25280
29416
11033
16465
25598
26707
23099
29608
1232
23
11048
18224
19087
13301
23142
27501
6042
28283
27182
27349
27235
21575
21824
29748
12390
8286
23747
6303
21223
24709
6861
12325
11895
22843
2732
7490
20003
10842
18191
23901
17321
10994
15844
6129
25623
966
28462
10169
962
11874
11634
22692
18080
28857
27598
9209
14658
13246
11447
23924
2530
5112
16990
6669
23365
29241
4639
16154
21020
21351
7877
347
6157
19433
17085
25523
2857
24094
18677
24310
8650
27062
21457
21806
23787
7092
4394
18040
23972
23339
24739
19611
19136
13702
28762
5912
1564
23044
23126
15053
16639
27072
6355
21572
4337
18191
14616
29673
377
23746
17313
18952
20727
19323
13214
25877
27114
3596
27047
24549
28142
14746
28954
28057
17542
22225
21091
15163
12563
19090
23862
23408
25246
10423
11660
20542
7624
14696
11368
1991
14523
11477
16133
23988
17947
7475
13614
25949
29599
11012
4809
7812
18903
14799
22849
3809
3001
8654
22798
6424
1963
6390
3907
28295
1791
18642
24852
21563
13878
4376
2498
3
19810
16397
14501
28444
3341
5428
165
11355
26095
8113
11652
16633
29504
14492
17835
1176
12539
10465
848
23428
10410
27637
913
15733
4436
8531
27776
15361
21664
16772
23626
22990
4484
28364
18245
981
1823
10305
16198
4450
28127
8423
29581
17128
21487
12023
28733
28593
2209
21326
10636
16899
2708
25185
11379
17231
18
24542
26498
29091
16105
17486
2452
26782
1204
8087
16890
26323
24341
29982
16806
7127
20481
4970
16774
5221
5143
13891
19067
5761
255
10184
27574
15722
18044
11008
12238
9960
28109
2009
6032
9604
13125
5661
7587
8567
8213
22546
27686
26619
29571
23488
1721
109
154
20285
8869
27764
24685
15268
23417
1596
18153
28357
28018
4891
4774
6646
27029
7797
2121
26534
15324
7882
2697
5394
3596
18972
25644
8257
19903
3199
10014
2570
5458
1193
25822
24293
13181
8698
18868
1455
6890
17653
4866
10903
21492
27483
3479
9957
8110
7753
19018
24074
19884
12248
26009
4579
8530
12290
29597
27975
5784
9748
21994
22480
4534
15327
6960
1910
4178
27353
15377
5895
24483
28720
21680
18579
27664
26239
11058
1875
9802
16457
1476
2457
11027
27345
1640
2963
28746
23836
7709
16185
27301
9519
23833
22982
9113
2002
18086
17716
8376
24502
4439
20224
2151
28066
14838
28668
21915
24569
14859
15235
2176
17432
22298
7367
9110
15419
122
6934
18920
4767
9790
7083
28634
15586
27809
22353
29022
9767
13459
3987
3187
27973
18778
8174
1291
1615
20519
23816
21192
25294
20551
24809
20226
18427
21282
7879
10679
2537
19395
23409
6511
11198
23477
29585
8091
7171
12982
27828
7850
26289
6906
14854
9655
8587
12799
566
14931
11242
25864
18665
17386
11635
8265
13754
29221
3189
9870
12815
20555
18879
28648
17735
23316
16190
9669
11183
348
21700
15579
9987
2353
8244
8593
6530
1977
2954
9177
14971
8402
17128
6798
7204
17479
14986
8838
11257
24508
1403
1780
12177
18647
9505
12109
7996
8763
14275
23796
29640
28946
9163
1076
5475
9814
14998
27722
11
12668
13079
909
14833
13357
20988
27435
24396
14851
8601
26433
3082
16540
4144
28710
7521
9934
26355
17573
28740
17591
12496
29573
17313
7344
25978
29238
6231
18142
1160
24890
12677
7220
21751
19822
7725
8152
19307
12644
21223
15472
19811
24095
7778
13193
13721
6617
4709
26484
11673
27716
19348
1854
26697
6827
1422
23882
215
28276
12723
22972
2001
5910
3187
23589
14860
8913
226
18870
15560
10301
29415
12563
19099
21090
372
23526
5386
17073
7343
28045
4551
21423
9935
1073
7027
17228
15059
7060
5380
17251
18028
7382
18674
7040
22570
24691
7628
11832
26660
364
27032
22234
19601
27073
8663
14945
22548
8025
13558
14594
22725
18317
2417
8969
13785
24967
13282
28666
22515
17554
2855
17718
19684
14270
24546
5341
24958
18562
5049
17274
7975
12398
11566
13919
23737
25677
20521
7149
10438
17571
26146
9056
29304
29801
19419
6278
20023
27714
8521
5658
13331
26776
13843
19025
28753
6632
11202
25024
10867
19639
26249
8616
8128
399
2431
2864
3
13659
20471
1805
27007
25131
29857
19615
29359
28915
2329
5611
29163
6806
3468
7585
29847
7707
14427
16505
2870
28745
27449
9743
12957
24997
22110
17528
12498
13204
1486
25744
15634
1791
16996
16866
21105
11827
10775
8179
1405
16865
18879
21931
15260
11689
24593
8353
1715
14157
18389
15074
15816
20773
3529
9117
16911
5360
9646
12958
9217
11633
14800
21525
22219
25261
29796
11154
307
16415
25113
17088
8773
23606
8209
14635
14571
14013
265
25663
10139
20292
3124
1262
20010
5920
29958
9438
3982
2828
13164
26653
7938
20537
3993
21441
27986
6602
3146
21264
14870
20229
16987
19177
25100
16614
17267
17662
1774
14166
4250
4527
8258
24243
6028
7011
112
26669
9013
11189
1358
23501
12171
20553
23399
17089
5435
17802
15387
22552
5228
12353
13728
24567
19072
3812
10566
15461
14857
2392
8104
12250
14568
1204
13965
11854
2224
5
19550
19793
2586
4519
14195
23047
28913
17879
15495
25245
23293
27762
25546
13981
26061
3416
23364
27081
413
10707
9638
1192
24343
29742
14333
2490
3206
4228
3456
15466
16278
1303
28153
27743
17288
6937
19120
21758
14401
8922
2371
11040
18785
22270
22594
8796
28577
15498
29654
22625
6037
25259
16738
12449
18594
23156
8385
26573
22281
16658
28031
13769
785
24925
23652
10700
26739
24365
21163
4439
13135
2294
7201
14063
10332
18226
13112
26153
13708
5338
13547
9313
12909
20720
14476
17350
17100
7276
21433
24181
11861
15425
23517
24817
19893
9324
12403
22172
16640
23608
18630
13301
17262
24528
2579
15166
13697
1218
26272
2712
11442
24652
27814
19053
393
11879
12393
24682
8170
3868
20520
6103
25996
7447
12000
21045
27814
11623
28571
7139
27027
11694
22230
11228
9428
1483
15072
21296
26660
5122
4622
6541
25895
28501
24939
1531
699
21937
24621
14625
26001
5176
5891
17127
1493
24582
7114
18393
5912
12930
12527
4692
21775
3107
12142
10752
6004
1756
777
19274
29098
15926
13685
21309
10815
22936
26078
26300
21146
901
6411
1503
22819
11827
16732
15272
21106
5363
24352
6497
1135
22770
419
13091
21769
29307
2980
27045
22530
1894
6708
1280
5703
26065
13146
19883
9102
7146
9396
10103
20856
15398
23928
12409
4965
10881
20809
22575
27719
11922
28581
12033
22207
12698
10251
22150
2484
1546
2234
15680
23314
13614
25892
4693
8830
23801
17793
15514
19240
8526
27584
2286
27513
14472
19384
561
11340
27607
17789
12207
9305
1928
5631
25021
14332
20927
5484
14383
17125
10563
26485
18051
28648
20119
10861
942
20212
20529
14510
1488
22913
28728
3814
38
19506
4111
19439
23597
6730
11864
5645
18094
24860
3831
24736
23690
4362
13428
16089
8899
6879
10524
26633
13460
4296
6181
1940
27758
7388
3948
20917
27536
3181
16973
17003
4435
11639
12334
13409
27663
9269
14568
2636
12622
4771
19011
7885
29595
1901
15918
16998
23237
23079
1591
9945
12374
20486
11917
19324
1386
19003
19167
15465
29183
21136
12704
22674
13592
27307
8426
20273
28077
23711
18764
21294
22387
11218
5346
5306
27652
20746
28800
6023
16874
22832
12154
11130
21885
6822
12082
11721
10438
2932
2015
7423
5615
414
6326
20431
24746
14114
9080
18197
14027
5198
3608
4471
9202
24894
12263
7034
73
29907
13934
5393
4694
8447
4407
12112
7757
12108
6488
27968
12278
22588
8526
16427
22502
21948
18338
17030
18972
18658
10570
21903
1723
18837
13775
26092
23727
8923
26277
7922
24270
23213
29645
29111
24700
12087
28515
7999
3258
11036
24868
9667
26589
7559
22993
5569
28615
13868
328
14300
3892
29468
2309
8099
23362
27063
7189
3967
845
18284
2610
17782
15607
2956
24976
5006
16641
5981
23778
9051
28233
1194
25562
27752
17008
4440
7596
3236
18342
9891
17885
17124
28067
24406
3725
9575
885
24586
11006
13671
2002
22790
9984
7674
1417
24949
4891
23288
20409
6229
27560
24375
2125
11531
20669
24659
27106
13891
4243
25657
12599
5429
2660
12626
16224
20804
7110
14637
18247
9345
25919
7173
12111
23676
4213
9570
678
4794
131
19931
25223
19202
2985
19737
29129
15729
8545
10294
23496
17629
8937
27252
14686
10551
15410
2251
18733
4649
22852
14410
18619
11999
2236
17135
25323
19283
2259
3921
24148
3808
28956
13850
2368
19912
1689
19795
15539
19617
3578
4695
7062
10
24708
19113
18191
15131
1962
19506
19343
12522
26043
28050
12680
3066
10759
16904
25224
13406
28735
1549
21094
23452
26248
3370
24936
21084
19804
9049
27326
26319
19789
697
14831
26845
26119
7052
26191
15318
11793
1547
21641
29738
8303
2297
3711
7893
7207
12388
18491
18146
19229
27080
24464
23872
28158
24733
29362
8658
5477
18161
5327
12736
29950
25185
17272
9626
16933
6704
13440
8669
19658
8186
19169
26782
5443
14354
14741
28340
12365
26120
21223
29554
7825
22118
14678
12850
28687
21657
9507
10013
11386
23437
7144
12822
3808
27649
9061
26038
29363
2106
21624
20594
6185
22980
18040
24778
13997
19107
3311
3931
24847
13191
16833
1299
15231
20909
7261
612
22641
18818
25103
16609
12429
8050
1119
21254
8311
8143
25962
26949
14582
27550
22186
19355
28690
22684
25797
18993
14527
26014
13807
24429
13233
7493
16621
13833
14619
5727
10855
4235
7815
16378
9225
1236
7476
23844
663
14837
14231
18079
842
25914
9408
3728
27627
19786
24731
22310
10186
3399
11918
22231
2843
29184
11749
29014
142
16295
18072
4769
27322
22380
7318
1031
15542
21559
13585
12855
12547
27941
14661
27715
21209
5162
23446
9172
15917
17333
27637
14086
26748
3265
22574
9876
9494
1415
9810
14959
9081
21905
22636
15175
18569
5962
10881
18332
7290
12753
23465
20494
18138
22044
13685
6369
15757
568
27676
26797
26085
16223
13846
25665
25518
8675
17524
29511
9524
2918
25209
13811
21042
5276
18729
16789
13576
1048
19261
13182
22504
20067
10688
21967
15997
1996
11386
15788
4440
20281
15382
20208
5848
18891
5857
24938
12885
8912
12562
13317
4346
22897
6464
11462
27660
6860
19109
1998
15931
24044
28445
20655
18965
13188
10026
24940
9201
3691
19976
29897
16494
9632
72
26177
14313
11439
26171
12214
1621
13180
26061
28946
11386
28972
3531
23805
8044
12020
12898
22536
18727
3561
5062
4293
116
29717
8379
23690
379
9403
5316
282
6581
16050
10197
23107
25660
21150
